300.090254407438 299.507270488843 300.093233866759 299.955918686281 300.332911999132 300.290240664286 299.967871675646 299.964464199559 299.684266667922 300.559193232644 300.433399614816 300.768213695478 299.850824263002 300.002665637721 299.621121246554 299.720802732148 300.163193814467 299.614743168642 299.645370500745 299.796938616216 300.161895340618 300.252567627834 300.20751342447 300.214205089767 300.037461694208
297.31928047793 297.19457055598 296.247307019382 295.334257602577 297.123927001184 297.368994931189 297.823998069694 297.276264957307 296.895179270094 297.051264301668 296.558505664371 296.764988026865 297.003600671589 296.685476796098 296.880112376987 297.347180458629 296.204374638315 296.725054972294 296.959732099459 296.867299819209 296.669929248678 296.994053410053 296.399203695908 296.483424624592 296.840749195419
297.670030965388 297.135009241829 297.28579615521 297.500211669734 296.995495829229 296.866304015138 298.079016500819 298.102539750747 298.462434576288 297.454423332682 297.249325000306 297.754506629362 297.786654938618 297.06554906413 297.825568602115 297.089779658141 297.227773684874 298.470459748339 297.810867548185 298.217317815376 297.577384951067 297.609110787385 298.135238751933 297.518894422057 297.620403901623
296.802395388732 296.97404549773 297.267859211167 298.336468189665 297.402306807027 297.33739555689 297.37921110798 297.643164798991 297.538250142954 297.997612130289 296.918600147691 297.298488851563 296.859935234608 298.341206432341 297.140344745231 297.733633996411 298.046096025734 297.568551064622 298.150246037599 297.260222677658 297.965222757771 297.659531018521 297.732462278994 297.423703890775 297.532373082956
298.962851283047 297.603315022014 297.255261603011 298.829783666419 299.26969163396 299.560332428395 298.47939934915 298.728446957476 298.339437089829 298.481651378837 298.948065709374 298.756399635097 299.271514335774 300.194967703974 298.766222458762 298.30079824394 298.796316708183 298.838671098661 299.077933185105 299.237517523854 299.338485481173 299.001563459006 298.421295747583 298.564110535237 298.792668009911
298.990400926279 299.164999130474 298.408885965815 299.010693384957 298.523990704209 297.689447017263 298.115450112479 297.76237575206 298.570984626624 298.883132749053 298.128200112424 297.879048913559 297.623856244271 297.784796482951 297.624737809055 298.855138671132 298.603969781679 298.66906904668 298.530649793438 298.429764249313 299.026561450494 298.532160975089 298.63619747856 298.228244153641 298.403031480479
296.039427604694 296.032491431739 295.704185632455 295.873794293034 296.031767937893 296.18973571105 296.634525075706 295.673877340312 295.157784193295 295.41965006946 296.026404981684 295.725815880505 296.03466449444 295.781724092547 295.750569108733 295.194030282811 296.071922191835 296.6093454824 295.698464880648 296.071719149711 295.977312668414 296.044507053372 296.67392663929 296.521443277839 295.955795394745
298.651820677113 298.070882670683 298.59666597023 298.612997604325 297.921895163345 298.17951460773 297.748156008845 298.472206878027 298.185365845383 297.516596787565 298.157392244377 297.518675372625 298.134958059163 297.74654436552 297.729576244705 297.865705234864 297.417926729721 297.821182686 297.740764155001 297.463539165136 297.304611670063 297.780034346925 297.667539024704 297.467302893289 297.907160600223
298.038377703581 298.47248457437 298.580451107146 298.085503375935 299.400666361051 298.680566439645 298.0499527889 298.437798073758 299.085155177243 299.043127437921 298.897504826115 299.681654061151 298.872870158324 299.498662591566 298.907876500564 298.967371523744 299.700434106557 300.011874714659 299.493931016862 299.682400698243 299.2460292423 299.738235482809 299.72301919166 299.245252494167 299.064216652011
300.130897141577 299.065830818748 299.332963775945 300.159735308793 299.443940649422 299.65265329079 299.306316166335 299.79953995594 299.620203550185 300.504441151976 300.521688626608 301.229327996426 300.783099018348 299.691989194518 300.391225250433 300.259986381555 301.021595313523 300.193227555127 299.605060207798 300.010444750423 301.008866126636 300.551702361031 300.262961672553 299.755078614502 300.0959489533
297.737969186882 298.121507088789 298.046812983065 297.155387583212 299.180763820629 298.26608752862 297.991861661048 297.949169825815 297.622106117183 297.465190086987 297.124688079615 298.178034859285 297.417642067978 297.924644280903 297.742663798113 297.75132498251 297.983701905459 298.187295738214 297.113317539075 298.734431333974 298.262533598017 297.666119762071 298.407022892911 297.661722446852 297.903833298634
299.039333412082 298.253190663369 297.909519511438 297.744693397929 297.739753034664 298.150723663103 298.39694074235 298.421910496858 298.491428509862 299.29668297461 298.151010825108 298.917119983597 298.800048868982 299.015387895509 298.920011980024 298.717714151571 298.552082830223 298.960033638845 298.53070891944 298.260691503435 299.174297246869 298.184735694818 297.948746308825 299.097944090698 298.528112931009
298.296947972705 299.731068325381 300.141478925246 299.348389482424 298.738020924135 298.945548219675 299.094608434264 299.23066449493 298.9718880619 299.716502206654 300.636420170464 299.372140597671 298.940719368003 300.511981495889 299.86061074569 300.09872792965 299.158427117436 298.91044245794 299.411592392448 299.703918349705 299.250689552814 299.482114817364 298.508201677332 300.874983688145 299.455670308661
297.426181344472 296.964094576399 297.794938099598 297.489224597549 297.528547451645 297.566346744329 298.30743617719 298.135053866834 297.452291669783 297.642511299928 297.938488025118 297.734608661011 297.833790584927 297.519496316678 298.238135954887 298.481830760566 297.490046415285 297.436573501582 297.694393398182 297.326220319247 297.745395528625 297.41930547528 297.712929851873 298.234872702644 297.713029721818
298.100563505273 297.803369684869 298.401187406567 297.989198358791 297.954320955148 297.622199973834 298.899637975282 297.506344808265 298.004011773067 299.26193138819 297.542706395319 298.120306866762 297.596852477896 298.145188105886 298.088671896917 299.248812699181 298.103456222624 299.095287447469 298.138979409462 298.069207619251 298.454735125028 298.34725828967 298.641812139188 298.297471658381 298.22639634093
301.564669108069 301.830124539017 301.243125626994 301.070660533889 301.44069235126 301.946971430126 301.737070108843 302.077016648073 301.61774911391 301.529971586329 301.873974472934 301.278395245475 301.286450492411 301.848075312873 301.818062374745 301.62135852004 301.724671158919 301.420974822617 301.694094161519 301.860219290595 301.815835532104 301.71948702892 301.61405979192 301.47750468635 301.629633914081
296.950908582416 295.526188396622 295.866865256323 296.75915462431 296.469777049167 296.290876634913 295.822138572129 296.747821373249 296.019667452746 296.678420905865 296.743513452791 296.341404372892 296.752826897258 297.211496058032 296.30049398579 296.080948386761 297.787349618498 296.882450436095 296.808457045296 296.993922177807 296.608865473 296.249717845513 296.560382847977 295.964602390699 296.517427076506
296.123281492348 297.289175803957 296.411398818795 296.84036894804 297.486554648293 297.050918442573 297.104217503971 297.391375189764 297.064100078725 297.517679573666 296.670733600457 297.415171571647 297.628067321777 296.827944357974 297.29932188464 296.985355924811 297.084818175716 296.804928180855 297.124397804877 297.248608551676 296.550988533616 297.943117136741 296.814470280814 297.449389678633 297.088599312682
299.744341288709 299.16925718982 299.058003490111 300.564301862747 299.726817444606 298.812610770521 299.77582041637 298.817418595649 298.001592353031 299.024265054335 299.527262708278 298.955639756429 299.028802147186 298.337832216967 298.020765658491 298.920039625514 298.805500188994 299.306209719745 299.92118599871 299.960166142622 298.967566278842 299.884800743463 299.03229885554 299.77859611521 299.214212275912
300.858612292925 298.549673853474 300.004272680734 300.211399228853 300.671892263171 299.315548373533 299.047277426453 299.109437275397 300.747143773621 300.158252550475 299.864234171905 300.417669660399 300.596793935778 300.047119813537 299.655647938617 299.760033832178 299.986026873328 299.648035308324 299.43605580944 299.325446149555 299.460072381958 299.190244757685 299.094645515804 300.416431443511 299.815498637944
300.72294620367 300.615213133101 301.512837379436 301.247473403548 301.027178424935 301.168078463427 301.164200279173 299.840631800927 299.654407793882 300.799590631074 300.227414151042 300.320601071242 300.686099723511 301.485508321433 301.703987153868 300.312052326873 301.053872133602 301.454601916096 300.889478524609 301.625483493472 300.429889306904 300.59810632109 300.797953452678 301.088756196675 300.851098400261
300.176847668974 298.861307209971 298.568477758549 299.812190770231 298.743795356195 298.692718620628 299.610671858644 298.766738309416 299.05539538867 299.333737308708 299.077919145086 299.351563510462 299.537995679128 298.279797543878 299.498519421162 299.400675276001 298.723849942329 299.959444295687 299.112849266983 298.89492211084 299.129685491335 299.76640622934 299.661080318424 298.862709121653 299.203304066762
300.167745009954 301.076612265864 299.944233875217 300.41425850726 301.094498388922 300.574231162356 300.552757203141 300.81331258623 300.299206764564 300.269479922558 300.573828463935 300.66300901179 300.179346033257 300.163359974191 300.414510432263 300.190526837725 300.823505012577 301.206715380368 301.172407508105 299.80814759596 300.502607979579 300.940237144628 300.397963596292 300.379934855787 300.525934813022
298.194941475111 298.425528243256 298.891732594044 298.259774234781 299.247883465016 299.273884206471 298.993909888781 299.179817938472 299.347478208672 298.485461434845 300.002841673382 299.288175001914 299.123660399635 299.451070228476 299.119362354343 299.402299443879 299.542694252332 298.883451095913 299.58396977123 298.677162769401 300.179634847741 300.108365720593 298.564915351442 299.126715488979 299.139780420363
299.419485729351 300.520268555881 299.957782855019 300.48445596227 299.709402295581 299.806422479458 300.236560621284 299.560496377267 299.676532287128 300.394974400381 300.654340762339 300.02101442344 300.571489827108 300.364949802831 301.2001500225 300.496831301702 300.773554058719 300.009012028148 300.994758207755 300.996146822318 300.331177827987 300.302053269461 300.984399350034 300.420827698086 300.328628623585
299.350713043651 299.001895760668 298.478008626749 298.331167627277 297.99395058206 298.408180388713 298.326355803177 298.158684718946 299.07891172646 299.009172931453 299.038333543278 298.855036203754 298.112175240667 298.389397715794 298.462589387934 298.761771694588 298.820948917079 298.90548176392 298.193938001447 298.811292126084 298.506135677078 297.969440293766 298.855232001678 298.264119254716 298.586788876289
298.953731424968 298.20489870752 299.004143149184 298.86501757368 299.634176302072 299.201294024778 299.799825148853 299.639852306421 299.624066902679 300.196989857544 300.731684808243 300.253605601492 300.407578073489 299.704795775679 299.191636662708 299.487325832868 298.968877876008 299.418672682568 299.735857933155 299.372702899151 300.040611592717 298.914763153182 299.135170557218 299.149769624258 299.484877019601
300.862070873059 301.517805833431 301.814858017318 301.614406406335 302.017459887881 302.264463619589 301.711354475996 301.81164151761 301.018745009171 300.95737269405 302.07056396535 301.011640899306 301.017209949957 301.133642548511 301.42584379608 301.013260047833 300.847330212629 301.647383734408 300.973285793925 301.555372124653 301.323004431582 301.488237219409 301.721004780274 301.806996626395 301.442706436031
297.378407466185 296.890167760203 296.985911992021 297.478450836183 297.213843258646 297.242466055288 297.045302124593 296.732420866242 297.400063111033 297.045545997475 297.434996637833 296.519254553127 297.4661124208 297.151065502317 297.280827965655 296.31086188417 297.466999871067 297.528307632766 296.654475112521 296.793474422485 296.970615274471 296.541916082374 296.622527199392 296.75009803359 297.037671335852
