301.098279066 301.284897803031 301.008858199299 301.673094753549 301.093295392878 301.275437114323 301.290001395956 301.208543280435 301.627366222335 301.333750599564 301.289352382737
299.738963642893 300.468638520024 298.394802384099 298.571522250799 299.014290857492 298.815242000163 298.255971469829 299.020729147165 298.891741524106 298.772914263394 298.994481605996
298.171622995297 297.937992625807 298.14218473541 298.102479652789 299.098467578861 298.715630717682 298.272560676266 298.18291220441 298.178675224245 298.112883578492 298.291540998926
298.43897455966 299.199157981783 299.33954405605 298.346368289865 298.161838289459 299.286212158198 299.083987306979 299.704886006248 298.654190457908 299.046698421932 298.926185752808
300.11199553223 300.148545704352 300.096696463376 300.189549946305 300.114193654202 300.033663975773 300.252640824327 299.687658711417 299.617193580406 299.207493887726 299.945963228011
300.581317212966 300.840228686734 300.725645222123 300.665622800819 300.711525923444 300.642453059651 300.464018602761 300.446000685838 300.584811747318 300.41182597717 300.607344991882
295.543745143575 295.94658221987 296.635163351574 296.449549960726 295.932285537725 295.96966765545 296.032273940831 296.148759846303 295.773890451492 295.805326197425 296.023724430497
298.242842132388 298.379293096407 298.533438699982 298.258769278706 298.524575728387 298.981751167684 298.74613963808 298.585693741365 299.125205547468 298.768127701178 298.614583673165
298.685413168015 298.669466769787 298.936224497086 299.202645214343 298.384300403104 299.183180284936 299.222661873642 298.478695516349 298.916619519717 298.783066354007 298.846227360099
300.810535705382 300.983350087067 300.549995558419 300.542596282652 299.896322289387 301.098133209646 300.80949788428 301.194868421782 300.899175014789 300.607741020433 300.739221547383
299.338176079724 299.228346872377 298.953039018205 299.948299686818 299.229310046251 299.313416759844 299.081492616236 299.422464280248 299.475393097047 299.51900569641 299.350894415316
300.123453802936 300.449540562255 299.48529106871 299.325459660231 300.079319396533 299.539487578434 299.587982625888 299.180269523559 299.294468811174 299.630276959385 299.669554998911
298.578158807167 299.913749929342 299.62956326792 299.15752725222 299.579395050116 298.44608411452 299.416097518173 300.076528263651 299.226381064676 299.461433736553 299.348491900434
297.751721483124 297.363360501804 297.476500973915 297.175782919818 297.458997655199 298.346211665612 297.690870081734 297.165403654893 297.158467423016 297.465290748838 297.505260710795
297.221943008343 297.847655660026 298.301195649059 297.583479723366 297.981351037892 298.007618039578 297.657076235324 297.729587945123 297.531064669258 297.807182271168 297.766815423914
302.820159430237 303.100841700362 302.633194396868 302.856833042924 302.457758984842 302.927619870261 302.892001993527 302.795646102502 302.581845239761 302.736230040381 302.780213080166
296.990601087672 296.400604091046 296.227027653381 296.28170003506 296.684238293461 296.230529691126 295.991407218698 297.487570344167 296.657281378426 296.54901214724 296.549997194028
296.743623183096 296.505343546694 296.64496191853 296.319030272253 296.036550943625 296.693607444283 296.303687100237 296.513756398309 296.290675458476 296.454266299852 296.450550256535
298.740709055656 298.002891746609 298.472779206811 298.294969901403 299.11075116401 298.317599576306 298.604266445447 298.270340381934 298.099126319951 298.726651598046 298.464008539617
297.997150776053 298.830668739424 298.284728484547 299.019294692426 298.73157711187 298.466489371912 298.560979513499 298.670540358031 298.775375501241 298.99690200933 298.633370655833
299.456457653267 300.243616062582 300.021022144218 299.804259983671 299.992788823429 300.306487908238 299.506291681907 300.298048653386 299.784612213729 299.857526043722 299.927111116815
298.565302854619 298.742155988096 298.660875516152 298.887385583592 298.974167593177 298.303763852299 298.009749413264 298.438016661809 298.396953055793 298.629326876075 298.560769739488
299.157976035214 299.570082267208 299.228516234719 300.21673048492 299.628462364886 299.70455145154 299.199531578686 299.816193370326 299.392901998215 299.181718790169 299.509666457588
299.121145889492 299.054914345675 298.933975416101 299.822437195142 298.7913000873 298.945689264862 298.687202315235 299.406267632711 299.042305969832 299.65091888086 299.145615699721
300.404584542199 299.542943876968 300.453753489565 299.810512781886 299.728055535696 299.751046290531 300.072122820329 299.889852179415 300.013713007349 299.847560425508 299.951414494944
298.360988957622 297.310014489353 297.389270603323 297.293028407183 297.581561695209 297.774183704225 297.367795563522 297.731304275466 297.632099031299 297.708612655716 297.614885938292
298.59451032384 299.773035838425 299.163442287693 298.924591254526 298.17668255256 299.175582628609 299.181773555076 299.439528274924 298.20962493535 298.507606536921 298.914637818792
300.002447141939 300.72399240427 300.452288797287 301.155160849001 300.530418291027 300.36788463873 300.828301668846 300.780727861336 301.037224821399 300.34410556134 300.622255203517
295.714825819406 295.57202304623 295.6782747164 294.893735350519 295.800289072316 295.710620252911 295.601844929406 295.347606342278 295.983648872111 295.840810855911 295.614367925749
