26.4834830052728 26.8108826375602 26.3114951559746 26.4454075560278 26.5872587692711 25.8852873951399 26.2179896772043 26.632732676811 25.5971420919544 26.4736768631708 26.3445355828387
23.0416880064811 22.7161422305637 21.7604134423392 23.3908081876448 22.3359225309895 22.3557735970772 23.9066810434908 24.5488447678062 22.3316220480298 22.6560397807703 22.9043935635193
23.5593982186177 22.7575399999986 23.852849060716 23.7636593539699 23.7612475181112 23.8933373362569 23.1955742608933 22.4334766880996 23.1122450969116 22.2943148494037 23.2623642382979
25.2825976001973 23.5802211501971 25.0072974899188 26.0706174898039 24.711802445842 24.3309159960066 24.6044543086807 23.9823066685475 25.2341347648984 23.7080369201107 24.6512384834203
25.5013506363849 26.5746762498436 26.011788807218 25.83479629136 26.0293352858009 25.8248062955549 25.0255166008359 25.2995258166947 26.3905979424647 25.3361019774629 25.7828495903621
24.1542636326381 23.5832329315393 24.9569754870841 24.239030297381 23.9092689003804 24.6714191263765 23.9842262484319 25.0169893295046 25.6669166936896 24.1216491560817 24.4303971803107
21.6937045056263 23.1488661128107 23.0152532270436 22.3383176245657 22.4127762896133 22.3130965632917 23.1741418124867 22.564284283558 22.6208321534587 23.540332595237 22.6821605167692
24.9938357519725 25.2167606224008 25.696900343949 24.7833211859878 23.6733558291481 25.1781813606383 25.4626124894538 25.2587589687771 24.5089310540093 24.8624807344813 24.9635138340818
26.0223983626247 25.735865102063 24.6346177341176 26.0156321709389 25.8025776350579 26.1215806904834 25.9334154193904 25.6614943610297 25.6809153178382 26.2329715287604 25.7841468322304
27.2558584753889 26.9614794984156 27.0203400739467 26.8019360436334 26.4012538581208 26.179936160306 26.0817769541492 26.209923002455 25.9827232490591 26.2230425897369 26.5118269905211
24.3491279403098 23.9844637371245 23.950626451142 23.9684940433286 23.6394514832097 24.0833338090892 24.3382634662447 23.6148034223353 24.4914509001232 23.3479157748406 23.9767931027748
24.8739006751789 25.2586156624515 24.4214838162031 24.2221242554334 24.9010441449224 23.784682336578 25.0769529450778 24.3488869483238 24.5230280212264 25.2413633999641 24.6652082205359
25.9505960892658 25.9338140422795 23.6447776353278 24.8382613080429 24.9997991704616 25.4293467463279 25.5179343277635 26.0060694774533 24.4857428111727 24.5710840506348 25.137742565873
23.6214626165204 22.6378671295789 24.3263690282428 23.4187066084674 23.2637896764846 23.3511480949904 24.9581655731547 23.6104295864667 23.6010662952518 23.6034191244043 23.6392423733562
23.1745725272734 24.3735951360932 23.2122602873649 24.4787229810442 24.6073013141312 23.1382216628717 24.2488128073902 24.3615692943132 24.0407241812639 24.8990439979398 24.0534824189686
28.6013864573438 29.4758235472941 28.4762536954988 28.9264228673749 28.1320213352472 28.3506102659264 27.542790224763 28.3180487496512 28.6404547010149 29.8567982974236 28.6320610141538
22.3494132727452 22.8998147354645 23.0956506318246 23.5969852179356 22.2369408985925 23.4257089653794 23.5679395290729 23.075679156245 23.5814136496477 22.6057759412562 23.0435321998164
24.0837747829031 22.820758970957 24.5001733654481 23.1991618885205 23.925619108066 24.7403717733024 24.1051786210802 23.8782146004052 23.5629125538867 23.5786263731872 23.8394792037756
25.0379769937251 25.5444188885678 24.8221765591714 25.3288041328897 26.0211308234944 25.2944729214623 24.9691556986768 25.8512635479709 25.7364171043275 24.8691075037396 25.3474924174025
25.2697320838634 24.5138095328056 24.3430472133922 24.7141088758196 25.4407603637972 23.9853926591592 24.3770851775362 25.9489241100493 25.8646589049947 24.7179937816802 24.9175512703098
26.6697586950531 26.1218699241171 26.7992117832037 24.951514804174 26.3003674850983 26.7111769176665 26.4358157246562 25.5361501689401 26.1035293181197 26.3983277604153 26.2027722581444
24.9752748363953 24.7944589861396 26.7020359515063 25.4972154137229 25.0746993413047 24.7121281699529 25.1773937510795 25.5079931531634 25.5276394539139 25.2483912357668 25.3217230292945
24.7014772800091 25.3003220504103 25.2928348247156 24.8117829407154 25.104831565805 24.1811359215215 25.586797601782 24.9476390285016 25.6457187410385 23.8554502257955 24.9427990180295
25.4969475977545 25.5302104387694 24.5795755148475 25.8976465601499 25.2859155088325 24.8538624467223 25.749990882787 25.3934965544547 26.069581531343 24.98996481171 25.3847191847371
26.5300836065729 26.9984710632809 26.1253635683298 26.4247164131562 26.4309047517322 26.2779662290128 26.2620138440813 26.1694223442856 26.3546931727403 26.0068498468723 26.3580484840064
24.6334893189861 23.7824055851182 23.8424896534338 24.2127147423707 23.7459312490865 23.2431904929025 23.6922474815732 24.0692127556487 23.231815113232 23.6487833572353 23.8102279749587
24.8098257588151 24.5507390245018 25.6438367372197 25.3350278936546 25.4101019446271 24.8009634558576 25.1862358992873 24.3832523406498 23.600921436232 25.6556195845139 24.9376524075359
26.487517112507 27.2294886928567 26.3261134478511 26.6235718456796 26.4842024952376 26.3536255202866 26.6328967866443 27.5993974776495 26.9539902053452 26.049432382562 26.674023596662
23.4076477405436 23.8648949577695 23.8229179339074 24.207042387013 22.7984030717084 23.2487700326102 23.456462825507 22.5147078983367 24.4370130854669 23.7710529033289 23.5528912836192
