301.451130985124 301.683547961268 301.402407906905 301.113854130447 300.866268181652 300.911811372625 301.580396880012 301.755886615031 301.538351379382 301.271190725582 301.459320078696 301.366742383339
299.355551333155 299.493177348101 299.388703660654 299.08148682849 299.036988105094 298.900879028782 299.759467863318 299.51008925352 299.248421118831 299.426825130316 299.315061447036 299.319695556118
300.038320043142 299.751592230607 299.922990378673 299.637060839507 299.863838586914 299.574965072269 299.4958743201 299.724577147918 299.590546028437 299.80044292285 299.902218702245 299.754766024787
299.855429438696 300.380817870234 300.030483090926 299.979367321743 299.987411248961 300.072506749638 299.684707107917 299.735410738265 299.53871898189 299.946663400382 299.604367763446 299.892353064736
300.729863940527 300.440001495772 300.525643795796 300.227570666967 300.301086775385 300.562800477357 300.453832957411 300.643301705602 300.753912936107 300.365938766526 299.839189762287 300.440285752703
300.508486366182 300.226253477089 300.376816848126 300.535244820384 300.659785173266 300.559194219134 301.231964197131 300.14291668564 300.266930631252 300.188318573774 300.587330004146 300.480294636011
299.244203775527 298.796120746874 298.791788128041 299.064290665828 299.059135224171 299.149338795531 299.199899897742 299.024637300257 299.011183550956 299.065716143442 299.105382439485 299.046517878896
299.810174864879 300.072870483395 299.565136222651 299.814695359304 299.924958348272 299.861023317022 299.895476713999 300.033279925701 300.134691709394 300.012382478007 300.195884841215 299.938234023986
300.321831419746 300.235639890741 300.317807676219 300.289914380885 300.10227580021 300.110991317204 300.411260500368 300.215951160853 300.747180860682 300.310889645048 300.218606840532 300.298395408408
301.207611094225 301.137415591876 301.149006381148 300.727035616862 301.045806511188 301.049383916071 300.997076799743 300.646338676892 301.075863118227 301.334980204708 300.825867885588 301.01785325423
299.666267698612 299.777662037769 299.898263028307 299.914936178733 299.490706819706 299.540760504046 299.736671035739 299.597397304791 299.815077862111 299.574779391568 300.065938085108 299.734405449681
299.426207138627 299.422529754002 299.787528731214 299.700742929739 299.651188112244 299.899380593253 299.789762525276 300.282792792758 299.896631907948 299.656186382079 299.560348740831 299.733936327997
300.815260506344 300.398020919586 300.183167280683 300.334354818589 300.832609601359 300.42773032348 300.652746484701 300.519402687482 300.580795320932 300.384112167322 300.268043867158 300.490567634331
299.608231213827 300.159146596449 299.734209173808 299.791100694533 299.808415447096 299.521279551672 299.477248883583 300.07972242433 300.033653219431 299.913650116938 299.649628974063 299.797844208703
300.084742828186 300.172457699313 299.742127794667 300.076686919938 299.722604235819 299.868495004169 299.860424102768 299.675196386421 300.107939215025 299.592774764464 299.68663233464 299.871825571401
301.442621617707 301.716684071745 301.536433280235 301.444640347075 301.999290596267 301.828829150929 301.56894462439 301.459083977164 301.527708164105 301.584818217357 301.159810711422 301.569896796218
299.248694985246 298.75695806879 298.797201230241 298.810757479105 298.968910178366 299.005296357338 298.80239668208 299.048652407046 299.034677252193 299.129994647343 298.709101518387 298.937512800558
299.090461757978 299.332805552445 298.992098110898 299.664424651032 299.117303484744 299.234224249575 299.946879532102 299.680894789781 299.41264382803 299.555816420886 299.101085741347 299.375330738074
299.884682971464 300.002173546831 299.821441244606 300.163248774523 299.932205906531 300.257111181382 299.972621567414 300.357387317765 300.007800238441 300.044703072471 300.423905705104 300.078843775139
300.478241263231 300.441479292385 300.700667965982 300.474738960322 300.791611341591 300.308109630032 300.778760896842 300.867238439237 300.671850753315 300.598178710949 300.39664695713 300.591593110092
300.896153430417 301.43870715562 301.347678640579 301.433024375972 301.286796247262 301.138582236105 301.320212117333 301.771214489587 301.720014841956 301.555435405515 301.252562927324 301.378216533424
299.749752288102 300.092653065199 299.883583401788 299.918305482508 299.786274462799 300.154479513652 300.172922768986 299.88027363673 300.12729248591 300.447321080182 300.755737601836 300.088054162517
301.576295709457 301.330458660742 301.456761480645 301.102274154983 301.351678031989 301.090251390704 301.094683113447 301.166848926696 300.935056625971 300.828484503097 301.435656881381 301.21531358901
300.376143478577 300.256508927705 300.268440293136 300.304001936164 300.327168773067 300.493994606155 300.957413442214 300.366438286613 300.212910678278 300.622090628341 300.635585265896 300.43824511965
300.533012353864 300.560636204347 300.619904456766 300.685614296585 300.476710054007 300.616699701471 300.766904122787 300.502944558395 300.574057893608 300.481366680655 300.504418691788 300.57475172857
300.289436721727 299.9912193767 299.800138997522 299.888737665791 299.885970768867 299.943940423986 300.163539594338 300.019208362613 299.994631429164 300.044728860517 299.646536670315 299.969826261049
300.244475216597 300.14181859973 299.895739840023 299.911643466033 299.876935200619 300.120420856834 299.814760619924 299.84089206241 300.040092936058 299.879834521143 300.051959698497 299.983506637988
301.32193442276 301.177960570281 300.848273335218 300.848654865475 300.858385792315 301.241868089739 300.873967639037 300.901013629266 300.707063958607 300.912589471077 301.190251535912 300.98926939179
299.509787130455 299.525295320424 299.336912727522 299.59127991783 299.4525873617 299.463662776623 299.467255937003 299.218891177722 299.449691698871 299.734275051269 299.59778322655 299.486129302361
