27.2703341296645 27.2239507767957 27.3985593424978 27.2765638818797 26.9442948079701 27.0825534886476 27.0302904800158 26.6920123026759 26.8599049590146 26.8140177076193 27.0592481876781
25.1768065151393 24.8135164314138 25.0590088426712 24.5718851437503 24.6776252733969 24.6815867617299 24.2302433723484 24.6752757459106 24.6317433149245 24.5003491065264 24.7018040507811
23.4131716891503 23.6274972555529 24.5127713430476 24.5600625811763 24.05416778901 23.8954310782036 24.1881144810102 24.1751400943081 23.6271431438464 24.1467393250401 24.0200238780345
25.1433504735503 25.5783987885411 25.3928236292657 25.4470982382494 25.1971032883132 25.4263511702482 25.3426804070403 25.1429930962429 24.886997271994 25.0444094687921 25.2602205832237
26.0855720810789 26.1769857795643 26.2019620589001 26.4092758464242 26.0126413389329 26.4382613764924 25.9744866222853 26.7062830612524 25.9738909842856 25.9655538527418 26.1944913001958
24.9685722022831 25.9073989716912 24.7784249783863 25.7074806067091 25.5063059153044 25.2982017653077 25.3847826176799 25.3069912366205 25.3922932411453 25.2928959569218 25.3543347492049
23.214099683426 23.2721362501051 22.8997015296654 22.4483004239386 22.4487401707939 22.8317782176807 22.831343728588 22.8674745925577 22.6833733146587 22.8389739425329 22.8335921853947
25.0054379119682 24.7049455397038 25.1453060341507 25.3430904912669 25.1060058695475 25.4233334710599 24.9993343446249 24.7400956104397 24.5187523802829 24.8421219604021 24.9828423613447
25.0670877026833 24.7215713929481 25.2349468206848 25.490409850398 25.6121985843623 25.6243117896395 25.5405837529764 25.3649364118711 25.2679876678065 25.8423867925637 25.3766420765934
25.9487450359332 26.280123312833 26.5874787329596 26.4271120964411 26.8072798793709 26.4112325247021 26.6167408358814 26.5198590395716 26.3466541582226 26.0325604099685 26.3977786025884
24.9591602076862 25.2102653824362 24.1616049183886 24.0343573304982 24.6243763274674 24.0518781731675 24.6164812311261 24.379232893421 24.1391919155153 24.7113016584113 24.4887850038118
24.4514651553882 23.9595596905662 25.0904707451176 24.6733252461571 25.3822232953091 24.9297941771985 25.0578287729125 24.9695056294803 24.898005067639 24.9688963910605 24.8381074170829
26.0913198697196 25.3319817810646 25.7422723387687 25.454610705254 25.4802362828967 25.9468666015875 25.8170059851151 25.7549072772128 25.1210732257755 24.9551602395965 25.5695434306991
24.9330132947666 25.5181607950525 24.8046083376335 25.1657400076881 24.5000492556207 25.1714612821461 24.3321813874851 24.8157658079495 24.6314441844597 24.7359954444741 24.8608419797276
24.3751899240528 24.8111781508559 24.3607075750717 24.5742783313576 24.9987236949101 24.6309075967114 24.4461247142214 24.7138261593457 24.4326593205496 24.6594454265401 24.6003040893616
28.8523004521068 28.6119443793206 28.3954628972328 28.2778573783544 28.6061662955785 28.7968042583466 29.0302426486529 29.0412023630026 28.522378716195 29.1780878771166 28.7312447265907
23.8219453266946 23.4424879054867 23.7571252641462 24.3102600779837 24.0730823353786 23.8687158586226 23.3255160829882 23.8958481407707 24.126901835795 24.6037765709456 23.9225659398812
24.2198406367873 23.4084838178634 23.0296947129778 23.6068478799276 23.4935119880779 24.2020994801959 23.4796357739842 24.0061037342502 23.5664624441572 23.6756148125842 23.6688295280806
25.4311060252699 25.4380343128686 25.1423763638454 25.5487655699335 25.8406650911696 25.7238749472871 25.6080079822117 25.5029700135196 26.0346806382244 25.2629803332241 25.5533461277554
25.9393415708225 26.0975332390013 25.5313578756888 25.6230593678981 25.9730379238909 25.9038548530738 25.3764190760752 26.0420110819598 25.8039993706701 25.8973974927113 25.8188011851792
26.9150942230151 26.9610351690291 25.9230840339678 26.7532807611276 26.6121410709064 26.5922916595184 26.608409764037 27.0829348747108 26.3564393321402 26.855939439065 26.6660650327517
25.6890254074119 25.1945609428755 25.7123325098708 25.5889447114983 25.5616402012079 25.5848162055519 25.9137781569256 25.741373478643 25.842971074417 25.8626782011432 25.6692120889545
25.4228959310358 26.3901315728898 25.9691794992462 25.9800484631698 25.6813903036965 26.2551346662624 25.8301635626436 25.7459222579594 25.9954900388703 25.9928615638343 25.9263217859608
25.4885410779464 24.9208550976344 25.3122784331316 25.4561513571742 25.5749198251956 25.7284364922548 25.7496063649783 25.3554218935358 25.8677426705722 25.2103155402574 25.4664268752681
26.084244360872 26.150484591985 26.331539487882 26.1143966576189 26.4616900814819 25.484862725154 25.9918127392867 26.1229699516391 25.744245321767 26.6588138972349 26.1145059814921
24.5173899279535 24.7115209526693 24.6669000906884 24.2733961470702 23.2404484918236 23.8172629187647 23.444582849317 23.8906993823052 23.9563563661738 23.8560101903968 24.0374567317163
25.4031017807467 25.5026316923427 25.555154807827 25.4257420669756 25.5318102087621 25.4248428559033 25.312238200306 25.4491094232761 25.8255801580241 25.4052902331358 25.4835501427299
26.7207767382819 27.0896378075507 26.7568542534043 26.6057317793679 26.3133727166285 26.7532164775535 26.415545322126 26.4609832844634 26.4816854850822 26.8055531683057 26.6403357032764
23.1925645935738 23.2921193506241 23.0600813398582 22.8957138739101 23.3361451337638 23.0855839876124 23.4849430388229 23.462886259582 23.0485742522143 23.3179711530994 23.2176582983061
